function [opstartVec,opstartTime]=setdesignsLIZARD;

%
% Set the possible design drop locations (on the domain)
% and operation times (sec)
%


opstartVec=[332850 8374329;332890 8374345;...
    332820 8374365; 332850 8374371;332880 8374365;...
    332800 8374360; ...
    332880 8374332; 332860 8374341; ...
    332891 8374325; 332889 8374322; ...
    332867 8374370; 332820 8374361; ...
    332900 8374325; 332889 8374333]';
opstartTime=[30 30 30 30 30 ...
    30 30 30 30 30 ...
    30 30 30 30];
